     0.951     0.309     0.000
    -0.309     0.951     0.000
     0.000     0.000     1.000

******************************************************
initial orthogonality
     1.000    -0.000     0.000
    -0.000     1.000     0.000
     0.000     0.000     1.000

dgeqrf info: 0
Q after dgeqrf
    -1.000    -0.158     0.000
    -0.000     1.000     0.000
     0.000     0.000     1.000

******************************************************
R after dgeqrf
    -1.000    -0.000     0.000
     0.000     1.000     0.000
     0.000     0.000     1.000

******************************************************
tau after dgeqrf
     1.951     0.000     0.000
******************************************************
Q reconstructed    
     0.951     0.309     0.000
    -0.309     0.951     0.000
    -0.000     0.000     1.000

******************************************************
final orthogonality
     1.000     0.000     0.000
     0.000     1.000     0.000
     0.000     0.000     1.000

******************************************************
QRproduct
     0.951     0.309     0.000
    -0.309     0.951     0.000
     0.000     0.000     1.000

******************************************************
